13470253144	180	180	360
13509468723	110349	7335	117684
13560439638	4938	918	5856
13568436656	25635	3597	29232
13590439668	954	1116	2070
13630577991	690	6960	7650
13682846555	2910	1938	4848
13729199489	0	240	240
13736230513	24681	2481	27162
13768778790	120	120	240
13846544121	0	264	264
13956435636	1512	132	1644
13966251146	0	240	240
13975057813	48243	11058	59301
13992314666	3720	3008	6728
15043685818	3538	3659	7197
15910133277	2936	3156	6092
15959002129	180	1938	2118
18271575951	2106	1527	3633
18390173782	2412	9531	11943
84188413	1432	4116	5548
